Compress

I/P 
0001 fc07 ff


O/P
0f 07 07 0b
32 bits


I/P
0001 fc07 ff 0001 fc07 ff

O/P
02 02 06 02 06 02 06 02 03 01 02 01 06 02 02 02 02 02 03 02 02 02 06 02 01 03 02 01 06 02 02 02 02 02 02 02 03 01 07 02 06 02 06 02 06 02 03 01 02 01 06 02 02 02 02 02 03 02 02 02 06 02 01 03 02 01 06 02 02 02 02 02 02 02 01
600 bits

I/P
0000 0000 0000 0000 0001 fc00 000f ffe0
003c 3fe0 00f0 07e0 01c0 03e0 03c0 03e0
0780 03e0 0f00 03e0 0f00 03e0 1e00 03e0
1e00 03e0 3e00 03e0 3e00 03e0 3e00 03e0
3e00 03e0 3e00 03e0 3e00 03e0 3e00 03e0
3e00 03e0 3f00 03e0 3f00 03e0 1f80 03e0
1f80 03e0 0fc0 03e0 0fe0 03e0 07f0 03e0
03fc 07e0 01ff ffe0 007f f3e0 000f 83e0
0000 03e0 0000 03e0 0000 03e0 0000 03e0
0000 03e0 0000 03e0 0000 03e0 0000 03e0
0000 03e0 0000 03e0 0000 03e0 0000 07f0
0000 3ffc 0000 7ffe 0000 0000 0000 0000

O/P
4f 07 16 0f 0f 04 04 09 0d 04 09 06 0c 03 0c 05
0b 04 0c 05 0a 04 0d 05 09 04 0e 05 09 04 0e 05
08 04 0f 05 08 04 0f 05 07 05 0f 05 07 05 0f 05
07 05 0f 05 07 05 0f 05 07 05 0f 05 07 05 0f 05
07 05 0f 05 07 05 0f 05 07 06 0e 05 07 06 0e 05
08 06 0d 05 08 06 0d 05 09 06 0c 05 09 07 0b 05
0a 07 0a 05 0b 08 07 06 0c 14 0e 0b 02 05 11 05
05 05 1b 05 1b 05 1b 05 1b 05 1b 05 1b 05 1b 05
1b 05 1b 05 1b 05 1b 05 1a 07 16 0c 13 0e 41
1144 bits